浅蓝色  (119,163,229)  (34,44,63)  (189,255,195)  (38,79,84)  0.097
浅黄色  (255,147,38)  (229,169,55)  (229,169,55)  (99,20,99)
红色  (139,30,0)  (255,255,255)  (255,255,255)  (107,65,65)
沙漠橘色  (255,81,0)  (255,255,255)  (255,255,255)  (111,10,10)
深紫色  (4,16,255)  (255,255,255)  (236,236,236)  (148,87,87)
灰色  (0,0,0)  (255,255,255)  (255,255,255)  (100,100,100)
深红色  (178,72,2)  (255,255,255)  (255,195,0)  (109,13,0)
深黄色 (255,211,26)  (168,133,105)  (219,188,0)  (18,18,18)
紫色  (200,79,226)  (192,136,136)  (255,250,165)  (68,25,0)
落日橘色  (255,81,0)  (255,255,255)  (255,255,255)  (111,10,10)
晨光紫色  (40,0,255)  (255,255,255)  (236,236,236)  (147,87,118)
绿色  (33,149,24)  (255,255,255)  (178,178,178)  (53,10,0)
VR紫色  (152,54,143)  (255,255,255)  (152,152,152)  (22,19,19)
机械紫色  (77,54,224)  (136,97,151)  (226,213,216)  (79,54,135)
暗光蓝色  (28,47,156)  (147,94,154)  (238,225,225)  (50,81,140)
Faded蓝绿色  (43,195,255)  (154,94,120)  (255,255,255)  (50,54,140)
TS蓝紫色  (55,0,255)  (255,255,255)  (195,195,195)  (148,87,118)
TS绿色  (43,142,48)  (255,255,255)  (255,255,255)  (0,0,0)
海洋蓝色  (0,197,209)  (123,200,197)  (166,127,127)  (53,10,0)






Alone橘色  (150,48,0)  (255,216,216)  (255,154,154)  (111,10,10)
Alone绿色  (17,193,0)  (255,255,255)  (255,178,178)  (53,10,0)
霓虹黄色  (218,76,0)  (255,175,111)  (219,188,0)  (18,18,18)
霓虹紫色  (152,26,140)  (249,73,73)  (152,152,152)  (22,19,19)
霓虹红色  (255,49,0)  (255,21,21)  (152,152,152)  (22,19,19)
音律派对红色  (191,39,39)  (206,150,65)  (152,152,152)  (22,19,19)
落日黄色  (150,48,0)  (255,216,216)  (255,154,0)  (111,10,10)
晨光紫色  (40,0,255)  (255,255,255)  (236,236,236)  (111,10,10)
城市金色  (169,57,5)  (255,255,255)  (197,145,145)  (111,10,10)
灰色  (0,0,0)  (255,255,255)  (255,255,255)  (100,100,100)
机械紫色  (16,0,105)  (255,255,255)  (236,236,236)  (111,10,10)
青色  (0,63,255)  (0,79,236)  (12,192,208)  (38,79,84)
红色  (152,29,29)  (255,255,255)  (152,152,152)  (22,19,19)
VR紫色  (179,6,255)  (173,0,255)  (255,255,255)  (194,64,255)